<PAD>
520477
816903
1033823
995362
920327
834740
460600
54111
1226448
1025743
990423
526298
766772
441513
655201
930754
300241
477703
596474
133940
701424
422098
1163183
490774
487337
325497
1071452
876555
490535
1134165
1253787
1019141
1080587
553856
39765
105283
166959
323159
572782
49805
63641
598948
1275770
454003
1091199
966562
235896
918835
386932
541144
1121767
1115586
554251
1207796
138140
404543
658131
792049
355504
129533
608182
889228
19054
99203
824446
739365
1097342
426716
340401
98991
941047
599826
857269
848000
956848
878073
965936
1061507
290352
796858
655002
403305
1000483
184574
844647
31046
1224594
411707
1181092
752874
1267351
1257015
524739
784356
726082
560534
201789
967191
663450
335962
605692
874881
1190978
177456
562647
806785
388322
183909
845860
186268
100078
939470
271975
1097161
1145236
1049092
847972
806755
1057544
674551
1154737
1191954
796260
497735
768219
703339
263278
881054
585102
686860
229783
792991
915090
318929
9604
79262
825345
427992
102499
1880
830830
272665
1122314
833357
386754
18911
747560
1058680
663669
1137386
1245422
287496
117367
366191
520355
250930
78141
204775
425511
3849
1134596
414956
325467
628277
680125
764656
652252
102711
457828
96614
573761
361815
1082097
72103
200862
473461
984580
778803
261174
813840
148697
1000782
1051868
909264
762897
566841
788244
1098157
424428
669476
321830
1110074
568277
22666
693588
730920
547191
400027
161601
308610
203167
806803
529032
266784
66721
922318
285591
61571
680091
144973
534086
522428
980337
100833
265771
264512
599962
716116
436553
1161095
1149037
211163
555027
174851
518787
703615
149201
485807
907296
396212
703473
135326
965650
683284
287730
444974
1190676
501768
481786
783781
1025059
744561
479552
343851
175827
796795
1089809
490374
1078287
1069083
211511
407475
539278
791685
1196999
119099
491804
738281
196494
1038736
1171995
1113110
660975
563568
1097942
56509
1251396
605219
261940
1105164
106993
536257
1142192
1216280
542816
854891
259154
1268082
1258682
587327
100382
99575
913250
416085
508008
296734
203457
168220
407662
446961
947200
178725
458209
196698
1003539
54885
1037188
614484
1063442
257985
700444
1018377
203284
292687
718788
558713
1073840
272277
601668
41306
422170
161631
552368
1102131
713291
608869
810733
661494
1040254
302854
978035
740921
849769
303845
864963
1081563
1022460
1113816
25959
313684
829191
251717
66495
1167357
426409
868967
848321
452418
769051
328851
40563
80265
1279716
548903
448557
201133
183082
1119699
263151
676782
437206
1021911
747063
962375
1203094
1096861
1047796
274418
489884
460809
346935
885680
74138
248537
299485
392093
379223
1256802
1081251
1275969
679740
25430
708375
825039
715925
405680
157787
1252987
981354
1279476
790149
1194630
38841
636415
912033
910697
7796
895011
1077959
347900
192454
933445
857131
558281
240714
989485
1232987
1253164
931304
789842
965957
695445
150836
671551
733085
377764
29487
883699
18127
933481
970100
290288
494878
999378
1254728
54059
752991
732050
228108
1270191
309047
461074
877167
447420
1046814
243774
434248
1128160
634619
196710
1154287
520259
21772
819591
686820
1120734
773139
83378
1051390
482014
591366
1001167
863657
525987
1198055
894612
312181
84718
170739
957974
668425
289763
312698
944337
742713
889015
1141528
801760
41607
1230376
620853
1193939
65431
1040894
461372
158677
300557
28008
1174272
916947
1003894
954801
868560
507321
788176
482707
828892
49671
57231
1210589
112533
864895
1011979
598647
130119
1194371
232680
448837
291779
1257332
545102
1119801
133905
955021
700276
896267
546577
273994
936318
520506
399718
632718
1267003
372808
1240749
5820
220626
758716
569782
1067570
195057
132454
1070929
684859
293941
266069
208979
948715
339472
1141728
169362
900216
8322
809940
228014
633039
365158
788023
712636
475197
440061
110130
1025713
991428
1272166
1266317
849059
960860
693050
859563
718713
216495
799674
154312
487685
1009499
1232449
446167
167073
363388
1012629
1084266
432149
67633
183491
245341
876606
444925
132697
110494
1012908
1130795
860053
1183198
81703
53796
1005033
336098
111874
939268
1128683
1257748
548075
723492
245671
298641
638334
876740
186144
437916
413137
1076274
456154
260876
852447
40636
983990
14786
280268
1031928
16008
335008
1244596
824098
1271025
670486
801149
115198
971799
70254
334227
857503
897439
821270
920910
652120
689292
685057
1279582
498300
1017589
20619
457012
30306
1201487
428303
1016192
1167295
7500
1155376
525772
603499
643640
197012
137035
901377
377489
622285
718123
743458
157623
583707
1218708
467168
535072
626786
508687
886244
659499
64250
1045349
299571
347165
148609
666655
820884
808039
428243
182180
499112
1227586
209856
593574
257811
1159154
386394
986650
661248
584131
565958
1140157
163931
918956
1112347
728407
310960
187793
527817
545370
1229740
1099927
85763
361906
515948
1021248
702966
655939
888947
779436
437936
232380
866576
1103113
35579
779802
704151
610495
246539
1027255
218413
720101
591310
129442
793858
966866
1264068
1142343
534314
158164
812370
653874
317915
621682
584273
809135
434875
790045
622073
610955
152088
929897
887156
567232
305209
317259
835740
66512
1006455
807357
327773
52857
1227861
873962
515268
303469
865012
408021
42619
561904
1142270
569415
881493
352715
595714
101862
1238712
409561
774778
933052
1016854
464339
319071
870892
270091
831037
1155860
1062522
1075136
48492
1118938
463809
527264
1227562
1105906
600366
108602
614857
19182
898948
887627
1063543
1167358
416291
1098675
410229
331522
357733
393580
882314
897589
956064
633818
194388
74725
1229683
416932
543051
1171578
710409
1036911
1272472
547155
765839
471784
647702
63920
912348
984322
1037347
510429
389822
25690
360674
508717
1212330
171409
120819
1246891
1040693
397523
132364
850032
1233237
680465
319243
101153
873742
242626
397743
1112816
741559
482411
521125
1093951
210662
912149
416100
663559
37748
45002
918421
892940
754124
247991
1105940
449130
572824
337842
431249
1108767
752790
713359
2214
1074082
901492
1144187
1028317
1272277
1143195
371600
960230
139132
321972
755820
566120
716297
853602
1181454
194441
47305
655828
901629
382421
1041576
124777
63058
429303
649861
460983
50182
92953
372478
402361
845405
1157817
142160
563598
269018
862083
469755
745799
1008883
806905
224294
765514
988775
518130
630973
223956
1150650
998534
56884
188650
1018503
620026
6562
519665
1278146
214186
890928
329790
610577
139754
92740
626603
351343
514147
200832
1054199
424161
12453
897471
486973
780468
814731
243901
1011466
146389
756099
278563
1234307
1224379
1183294
1094941
1264372
685593
715598
970739
1084243
491055
273264
444510
943469
149458
507248
501973
984673
266576
729468
952474
250170
935857
23651
28028
194731
576250
886801
1053965
423541
833984
87727
1177482
712778
64381
797586
1102102
211393
729202
684484
496803
576563
520261
62931
568276
729976
895109
289039
1269513
1242743
1272567
1233500
508090
380521
355924
164819
736115
766019
413171
522362
218198
1081302
1060995
970106
996399
892932
1156796
450633
933482
643062
682413
758923
774502
398816
108492
748896
485614
1228539
1107357
183248
676899
1276397
1109510
1197475
29462
655756
955619
654705
1057688
258218
513416
368574
723244
174938
1074421
1266986
1145314
897101
684875
1198295
677507
1108311
1194817
638699
924874
1234416
942401
146282
124774
527096
444135
1094593
692084
247199
592110
811205
1036901
506496
229095
659080
863505
95649
301998
908963
1127790
719949
1278895
205592
1124339
100089
577712
794043
679412
1157718
247448
473420
954683
974619
929269
743490
333771
373174
608632
15841
402432
874561
549047
876819
719477
551213
956308
776990
1189292
115869
407991
176383
354307
1158893
524543
527644
244780
1128634
600200
638160
205839
576097
978327
1269136
439809
16186
448558
348978
1073687
838395
966953
603094
746402
1257817
795824
564199
862457
785738
346125
559981
521598
949409
280002
939594
835649
938853
1132635
982084
109974
326432
109451
1255247
1010588
413404
864651
991219
710059
570889
501987
96086
1152479
637864
498826
520601
357402
57163
429547
377843
342914
407290
754713
631506
94449
1099626
279204
57617
105678
885827
682
419650
1163907
1019439
202821
278602
1067170
351277
305212
190067
259975
1097425
482080
566976
1171204
668068
301918
1253782
329580
867238
1185637
347723
1147925
811877
706675
430399
737203
856297
537723
106451
541185
367412
494674
1262735
747180
426307
167855
207420
777331
253930
753577
761307
1252645
775644
143205
842907
1190037
668981
280366
1130366
373367
143039
248026
481058
1101781
714278
445373
706185
1241862
858304
235866
69219
851500
901985
37007
943956
139404
1009088
618531
1196641
1000015
28827
114606
615365
76689
620765
998350
569876
1108771
1204806
1207362
1042056
998233
351127
1134471
1164129
1215792
437885
69046
658346
457738
122948
681139
1237541
585440
103087
1192804
161196
474807
253760
386016
353332
921586
1240790
755950
207959
609617
1104318
604915
1154217
1148025
587594
1051465
1146684
349512
279781
784490
182481
1097155
474461
968650
1071566
282245
1212426
26206
842115
230580
1244972
1104192
346422
1039033
1194416
427999
1224212
588341
162254
1036907
285480
986821
1125046
193705
425052
192091
818341
455719
572898
787993
157576
241536
826538
908764
849885
180244
1022242
1078721
518717
1038656
960697
47668
1164182
784330
45427
639400
251102
652817
886918
999910
97350
900675
692492
1032936
252588
1069409
190034
274714
823858
1244102
662660
436563
1241179
189764
333475
194839
655305
1038075
113715
250933
509769
584053
1061562
1162520
12135
465148
960078
1135586
1041558
114172
947501
384123
1196847
141776
292282
89035
613494
330269
452459
457537
389613
632142
961479
828795
352476
1268049
1004932
437792
84235
874391
343688
889545
153183
1037865
799164
247854
305515
1189383
209541
769357
638682
65859
938364
950706
719711
345921
707872
817536
625639
290695
631190
201912
597854
935975
633284
653408
709237
330502
35131
782716
666233
1230977
1024355
233929
372099
10368
708103
205402
1171209
173393
448645
845320
60390
354337
778979
434681
725095
1122544
1277871
1053017
425786
1180505
850343
1212197
1193686
1094532
659038
212561
153993
506555
424658
84633
483164
265624
275305
1130439
1102525
557146
485399
1180130
768941
373093
460458
404446
1072765
934612
1214182
1023665
470398
277558
478102
275242
1231567
1006283
263400
829899
936364
260177
408183
384290
1080164
606393
437672
1098258
843088
27356
391494
924462
905055
152938
766136
222851
632534
528760
61898
42543
1208289
1241652
1147110
350771
86697
897436
37356
858946
266887
455592
308034
1176494
345864
922653
450949
1092226
235778
902736
1208415
154885
1253619
1236191
1213233
310106
909942
444545
222382
1269852
525480
807057
464711
613280
303011
1093423
952122
4987
226337
1212070
535479
867328
153731
91044
969064
910888
800095
529018
387150
584919
257190
857530
827017
897475
926111
535448
521933
655312
122498
1206666
678048
1122693
593092
1033973
1032916
889841
675745
796131
133239
748973
311201
821567
1204435
1098560
284146
877002
1167917
556638
293258
54244
1202100
533560
372872
254567
491188
800717
990139
576500
723880
1054308
791636
102614
131275
528210
762784
168106
746257
388463
822746
1119534
18391
552213
246791
151450
887438
483747
1211157
629837
376996
1221286
232816
1062461
1087151
491781
1203883
595566
141633
42793
42109
781048
923831
1014945
927311
222712
626513
880458
289033
455304
473974
22413
925680
108791
584339
500309
603070
229218
567228
806703
882127
1016186
617023
977907
96705
265652
989951
238678
182503
496458
821973
787270
556545
701158
1259944
1242010
33373
857546
1249493
739201
1191387
50813
783993
657453
437143
819792
383832
783889
132516
919096
428287
988628
663588
1244312
535596
445187
907183
1053133
934161
493451
1099608
572675
557617
3146
651513
338845
1216951
300235
433509
1117092
335130
459953
600214
1264884
369538
877005
814750
1096785
666597
1144244
575076
159407
248150
831818
572455
94560
432191
782125
985047
566228
285679
893034
635819
803346
595159
772434
390431
404914
669255
1271263
501257
1263122
907326
138047
822953
908734
132419
1108096
1053025
561097
1140064
868273
185123
716843
781400
1237177
984289
654946
303958
924433
577019
818896
919692
57932
245549
58833
846691
714600
339279
1135617
671335
344718
1228370
919891
261549
374562
400928
509731
311086
186242
1276065
75094
199792
118112
934197
451526
153705
1270052
1142736
914675
59862
622292
1009412
957148
507139
738279
1107358
1226165
1038513
619306
985019
815647
231738
470727
922247
312707
373717
954499
451307
586983
425328
1275597
174161
234165
1183505
383221
1045036
536072
307483
560195
430687
311900
717686
762310
796020
1040672
967715
1143811
1208431
299162
545990
386190
1215525
831330
977873
771246
32538
780898
718574
1129308
843418
1136805
749188
16222
945245
252105
274787
1259086
459642
270644
933802
604455
264050
1211580
61530
876210
287361
180603
1200989
934169
1162557
129638
242461
398177
809316
167606
472612
1234861
712466
531723
1196947
1147263
189067
756428
952686
272554
1062608
1161631
1010355
774613
1040914
865080
15191
1104872
1071880
1109881
536630
180992
48166
1210198
179657
973243
630580
945358
73450
648211
425463
289108
1016029
1004860
60716
238715
19433
989940
349538
436058
527612
1028903
463878
272017
1201180
37754
1249903
433993
648226
919707
744480
923112
628306
940188
420804
554821
939417
1137459
1266863
1005148
1043076
1269938
1053060
680478
802416
1140546
711974
666749
979335
121732
681465
43465
226582
30110
715950
1105101
847492
914065
1074748
451388
730480
890009
422300
782236
1211274
253007
807907
341797
709624
1224786
318911
83442
579440
198227
11275
1191547
1004279
90404
245099
746878
608137
34638
277492
720700
212672
1062474
46846
725665
388567
261901
561375
164293
968669
1043187
572744
311226
1159540
25813
266565
810179
23439
1165350
1189728
484507
492100
40742
471876
798252
50399
425166
885480
1049531
1107420
553229
439752
700659
821890
627785
387769
1198219
966153
119390
1130423
65672
44758
196178
1161773
61867
323103
463236
413797
963529
156796
309232
385861
743062
844029
237210
159720
173833
327386
130684
457186
642119
856385
526319
193357
578057
590467
235862
444313
715881
639971
308655
280239
1263403
329123
303134
876127
491668
592408
447981
1206153
192204
1097851
595929
707520
758724
645142
543604
918715
427207
247211
886745
131362
1230878
803569
310464
402060
1101923
1078597
1138394
40575
1114803
846813
39620
1175126
293100
1049336
427169
348277
834779
172977
332979
1060048
9815
51846
92927
25849
632092
551439
12875
448845
26273
1030575
17539
970791
578005
289186
1082045
351248
22911
236744
75222
49933
777290
1198698
615898
273427
25402
456364
82600
364245
242594
851011
339212
597526
6475
593475
926600
383151
794790
431505
479860
117651
986178
1115197
347414
1088911
548150
233053
689346
301620
1114749
35621
639546
796844
617854
359407
1138455
1145228
445334
1003387
447215
877157
102804
279257
676
676949
754689
406341
171962
183732
1228623
735823
886508
742109
165848
411358
1031740
768376
1048411
396173
256933
272272
294879
1101945
1127672
772039
373047
128104
606291
861156
231649
1215074
456618
134498
986276
1057076
363566
1141148
419822
1145276
1085111
232925
1088438
1087620
740158
145467
548503
680270
129189
477290
240644
11746
140591
1174448
483574
1248614
933733
391463
512513
605151
42909
1151443
851412
1151409
230865
256495
529704
1119636
371687
489614
922576
357698
828234
948160
1081323
1247751
513274
1085151
856212
832252
91480
1108721
1261121
660905
914774
498864
697464
1079725
551650
646402
398887
471056
1258035
289979
988098
194413
460932
457548
577704
853904
269901
472396
794343
448095
1144335
656554
314275
508037
1092157
298572
1043366
1179837
794821
602389
1075510
1141713
176827
288823
262022
997845
366122
1133244
374574
1063992
801982
557269
397207
1272826
1034027
430076
818809
526647
17115
281169
696458
382714
48460
327735
238510
801241
362928
852638
370103
927878
575372
1213903
1253868
419842
732541
152099
771982
1166426
426125
702456
596680
833235
1105484
306587
1029799
824333
35156
832669
979726
1074337
279976
516703
983716
75866
658352
1267639
516806
927021
645524
1260150
1155801
349030
899498
36241
118027
675505
372364
804824
90061
1175137
851313
1141670
998232
1256405
842040
444731
618722
1244799
140797
418255
474179
1116679
30120
129706
882715
301615
180140
197563
547189
776603
979215
528096
8811
787329
682128
1275937
834043
215740
572525
191765
68762
1265005
803388
1113703
940288
792906
531525
453938
572333
512058
307886
801289
546601
162767
189927
170520
679169
240816
535959
649968
865189
549022
714782
841481
253161
533448
971040
873149
927723
858131
784586
81666
563972
662080
755521
472421
587626
285122
823643
348412
876870
1092604
610491
334143
240651
206819
364656
965182
206375
292979
560863
922826
120326
1030460
727561
71997
1132828
375318
150200
268041
75775
144315
597361
1144792
390331
884963
113525
716616
1262918
1255841
960965
234386
530030
1231371
1242562
60376
1163783
129368
318273
106652
151477
94620
483647
960632
286222
1029949
828333
943761
680433
1032585
171651
283174
305837
966655
9999
955935
323372
432640
203350
1120623
1267446
1052198
154835
928328
242655
1109272
541734
739181
769621
746354
475681
512910
62671
363908
1098289
1139857
186689
300428
570381
885943
586511
270568
574154
437503
805056
872285
1125005
287428
1164633
82389
508399
335040
509555
873762
383929
269136
961513
781932
104378
58607
1137305
1225399
1009418
1071199
1005934
943146
1031246
627858
1043678
1220910
266507
882843
357376
522582
1024976
1073196
626430
1062020
676351
690186
772578
379921
653865
34904
1068978
295014
90319
240843
302829
1057520
32663
622070
594593
1169044
59282
1129084
616471
1264486
339233
253564
697412
289904
4184
484936
1234532
1232393
480000
152341
97356
577716
712223
638932
721367
112529
330478
52926
1210003
437691
515017
710842
301382
227822
495141
1163362
1011229
685384
820449
736064
800332
1116219
1170296
397413
561265
1271195
418676
1079865
1055875
1216763
1258146
922853
941599
1026971
186603
814296
559313
497909
967805
388691
392505
796379
1113126
32804
855325
278094
807069
705394
1210440
780150
497698
1104675
603709
672904
140908
1052956
1022491
525750
309842
645357
132826
392399
232957
219325
1269481
301225
433214
229756
52870
322986
770015
174548
1260924
106568
1247029
464112
1164447
577643
1242180
30314
201134
670748
965683
132767
81658
748197
435671
691630
144299
435479
1019695
859432
45062
329963
1083216
1152192
415551
390288
629312
1236927
1204630
433383
317689
115554
865479
1260231
178971
152353
399525
40165
744954
1135491
1003767
467554
465675
608977
355387
402043
31072
538201
670921
656989
574715
784983
813603
852532
1261994
6333
42872
1110686
285030
1106020
1040126
329104
365759
1242943
71823
865446
1125911
1153846
264448
430183
788734
468296
81939
1177425
409588
790876
961312
681223
335755
1141125
905885
514343
183717
1226666
181793
1188445
68270
196174
1181643
1180488
449196
1150170
537646
364334
1255308
619035
855343
525024
275996
22391
563297
1133703
274235
895430
658988
1212024
662160
938813
507470
308554
953010
952151
1104653
784145
175419
222258
1076928
381185
276335
1154059
1260524
451648
755505
605266
213787
624018
847166
64132
42955
22395
444539
350146
542187
1228199
581481
701611
165511
848512
349742
384100
707612
510564
452121
144803
281444
961760
1109210
212509
428234
1064701
157700
14572
646051
193331
452935
854084
689410
561734
334085
752090
1099624
157732
467042
125939
784270
509379
437867
1278762
655971
531290
496412
100727
248403
313396
491812
218490
196123
965669
1173687
1090251
85838
449910
876117
237289
1147549
1116768
766094
597955
34747
885069
244656
625466
907218
1260052
1220858
412284
645718
996699
1094395
583991
555338
1184352
878571
956511
1241031
846511
629618
754282
524900
1031755
257914
719262
1130055
542613
377877
140835
719519
713963
688349
289249
1079817
1226607
960662
652324
987686
802461
29514
478069
625725
1070640
424990
251013
1185190
125749
104754
1172271
1055410
245286
45374
1208425
412075
96599
929364
536993
266169
1227603
303535
1137508
607413
1263615
1156051
992233
76154
1170354
709522
773288
116318
887184
852358
652270
825261
403853
1223739
447658
1226636
592784
1151792
998612
1171031
709401
687489
250535
1028650
101159
291276
543326
522421
1217396
353161
1026848
1231411
773259
64275
577406
482003
695364
829937
1622
424136
1217886
803532
23369
473664
200579
367145
510038
361534
998150
561969
884994
1205594
1114958
71181
882159
1145096
882641
1137471
334981
458927
291937
1222868
323697
249694
273817
353916
425105
308520
1270574
571807
202208
102337
169867
473466
736572
1020584
1257367
30261
396595
562661
650457
383293
1074380
5800
548673
446154
1072783
426521
587064
1154937
1099427
115074
1130670
1023345
110135
376795
1196373
296503
948653
394112
929135
405598
1094684
41552
729583
691032
550822
926728
633416
375047
976063
462569
410100
1171915
683991
1233003
813061
955396
724953
271793
1244408
823026
340734
67965
593260
60812
1147766
173979
834748
90540
636918
133700
785678
739183
250402
181477
606655
357242
1226754
586506
1200401
763514
412711
568912
153563
708231
1179683
385066
1133849
33753
793816
1206212
8786
811684
399118
374759
413229
713812
290599
1189529
1134055
734170
1012960
1233323
477373
1114428
990184
501964
119406
1062736
870251
402918
156850
184207
447779
1204906
88139
975156
974352
1190139
856965
1108321
762864
1076832
748486
128289
562116
52317
295297
212302
1029497
1063907
1270307
1215002
237180
656991
314555
771153
1198610
1087783
492054
489634
36689
554976
554828
597817
1229467
729761
1236159
184643
1128079
648429
1048394
813992
90518
74184
979507
763308
665739
1239626
710310
478989
613610
567977
958317
574591
1112052
667738
770212
866728
243105
118752
97401
1032237
9241
979177
4846
242403
471963
860795
720957
936468
1179760
590566
747672
1053441
694511
1092382
873180
4187
208444
417337
789216
936608
747276
526989
14033
115612
458430
322088
709495
160975
971798
1002773
399070
914216
964401
1230146
539344
227376
155653
343840
797158
896354
401048
1272881
1088507
284282
1270495
976009
667265
86630
791344
565585
117966
916922
581925
972934
228892
1159370
784888
656243
1245640
386994
268051
200627
616518
760809
47430
731793
1008501
926009
797829
1092066
48955
633118
430363
220238
132406
464039
446540
142079
129915
780831
913973
116197
1203227
391840
561806
755456
228401
710470
509760
828894
339946
156973
275962
1231964
455459
775454
223764
490923
51202
84023
1190897
1096337
158937
116344
235826
866203
943451
520767
189926
993110
459840
725137
569672
751895
1158981
791992
1196671
745938
1161722
216498
329415
1143053
437702
955607
763146
93161
756034
264689
56285
481372
569260
479032
758003
667940
727710
629500
94281
152012
443635
560181
21168
690822
688800
136078
245507
487765
362600
743947
631992
762977
1023909
1193673
362606
1156933
169438
617410
652296
21993
591503
1110927
1032942
111351
357591
88101
464952
2922
402393
1128751
672751
561286
371808
96279
762529
540598
638612
691527
85840
972785
597031
945770
844385
981296
916261
341766
938682
908544
353706
610709
835083
273491
648190
988942
514156
1265606
418411
662360
389398
1158657
727211
1259733
403463
659374
952458
661884
575189
30095
873197
771250
487725
328764
163833
1118456
982129
266120
592860
397585
122779
1016363
310848
304308
683625
406894
388749
715815
225095
362846
869711
1061045
1061622
1194607
1114123
89919
312961
513143
534465
869658
454050
923659
1070151
1186228
106492
778968
123976
544010
89787
5805
1048677
404010
919484
238458
271386
530284
1046235
107857
604472
446082
1013941
734667
119159
830039
464268
612863
839255
463280
1176801
842721
1169032
645105
681612
834531
421186
100249
1066453
837510
294323
524138
666782
1192036
495383
132614
925020
548245
438352
1048805
680227
453992
564169
1237310
363810
1168761
573629
644640
166254
193517
6127
468112
1111793
1209596
863311
943960
883131
486222
441241
29275
541877
927425
432219
1189113
705603
1132317
999154
250416
1261911
395112
813105
930281
1253756
239511
791979
774527
739284
479062
979268
821857
196938
1074549
877469
751410
31708
690574
315205
190503
542417
663533
336946
860009
1241158
748006
1236781
434185
349198
356953
200184
652161
193359
346105
1253228
1113583
1273265
2366
354099
1155554
989684
798390
460864
529873
89742
968444
301026
901405
31494
388425
222374
750110
106546
1243482
793457
575377
1177127
1806
944194
68360
678110
1122710
992857
582851
932755
1165773
264476
141631
188995
129617
680597
125863
717399
763585
652335
791570
669224
334179
508024
350172
65726
65081
541521
1150119
41745
731357
1198654
1143533
1020620
1204419
601035
1030307
1151756
1115844
720481
732777
722893
665460
616939
69896
208199
832032
1261709
424918
298775
786870
1088549
371010
535403
581424
307422
901754
31749
985072
1235125
400753
362844
1229703
736885
746576
966171
395783
473788
459720
908744
927957
460286
970231
28965
833977
38724
688402
165674
574613
1005034
810162
161979
539564
1020359
676040
417803
628990
1254469
661871
780761
611601
1266442
1196855
85561
126468
729183
228395
505568
1273058
823493
263348
858757
891071
793399
898058
345124
614127
1203897
249330
1221320
893722
158011
1114818
375525
76179
257400
706964
178417
830384
350942
1173623
915668
424300
136494
690325
610356
324887
669346
420428
810004
893465
100421
1217680
1184944
631533
387525
69240
1209309
916075
83376
611011
581936
1046789
844509
584023
1015017
1158153
978326
952611
372959
916940
557089
774141
928687
739427
352077
439288
197865
643944
884859
146341
1249101
36865
367432
435777
411927
1212204
996450
197353
186663
763565
261090
940104
106440
286497
645950
629248
1233002
242084
21542
1125714
200264
1194290
576459
69340
294267
416625
112926
831230
527438
1040610
707940
38193
999633
705868
926331
1136500
576673
836256
946909
366362
1116206
1032284
481295
1196093
582713
778165
945542
121416
1100548
801867
280059
548583
10242
648465
680533
172922
128487
747297
1152307
183528
58953
525071
145344
307924
397186
718274
1199320
439942
185175
122513
749822
1240292
33145
864875
1156296
435082
1130842
65931
1096410
465381
154292
171460
1158940
633107
537341
779932
589475
1131245
233370
91389
76122
75153
284323
608519
364472
1267611
447038
558841
101879
895977
46113
669781
808803
968113
206141
829988
898853
897181
848042
983180
535045
510707
1199610
199958
1203090
128690
1257067
637779
1103154
735900
540335
427949
206978
153278
80473
1029823
1261377
598635
637144
241851
921621
155414
7531
278629
752575
223602
764798
571959
186301
350514
528267
589909
256512
344254
853627
36800
734716
355219
110842
287290
390420
110488
645611
831798
152512
723839
23115
1163100
206514
590000
832141
1259714
388443
799764
898029
24417
1114540
247650
758201
764911
1215132
936291
33233
339959
257476
912910
1273610
423849
922802
31086
129169
658694
1051086
570914
1115787
842696
843091
99188
1153449
1070571
1232273
957199
991709
879063
252779
788510
99143
1035734
1106130
1043984
1221853
335355
664322
279465
117594
394761
1167949
174620
999176
561394
733224
1117866
170682
255895
976494
678604
483444
713990
1024319
1233498
604505
433364
1059022
284990
760515
831737
329250
465575
91501
129512
681823
244131
602278
622646
150824
125988
698094
1262992
480292
607161
494157
1144320
531635
1202157
1269390
1246136
1139779
761476
674882
511173
242799
962903
1246276
477366
690621
1205256
512031
625597
1083122
673197
482085
938401
661834
786610
273655
1019921
855468
686688
654781
1000890
1028709
1251997
1029118
399293
528070
830856
339526
650949
235082
624343
913015
1273249
88758
323033
1264796
998175
934826
15366
225035
1070989
538246
257284
250829
459490
517510
157586
1200054
487352
907424
265005
463371
1273285
696848
782108
739204
1211575
829263
101368
634627
929644
130502
851405
1015084
638224
602564
944442
246499
517975
795233
183739
1106139
1254586
331917
1091317
415527
33030
103547
387073
392859
490093
1049304
447179
849062
960822
188412
1198933
228316
1183554
526456
227353
1272886
1000887
389104
624645
865335
786257
292283
358890
412485
226183
498740
1209239
688431
694135
663597
35824
560335
631618
841788
1011593
433243
929579
696625
623036
1102290
846996
112209
258895
309457
102937
753270
919060
273852
210504
808300
299592
403927
63616
676680
1001531
447309
1019003
786815
952429
598522
647190
1182415
833445
1269562
969219
1267926
157191
28881
450154
397210
426201
1173866
273149
1221476
244037
915103
895573
551421
1171806
15321
776840
251582
1012296
982213
608343
1175212
979864
449433
342847
119448
467270
954276
1190639
605915
431730
283307
534212
965175
1191834
630030
1060323
1123331
861248
101932
821288
285499
56356
653617
1103096
1150231
478349
374304
181587
1136975
479307
255367
552625
54635
1132327
1250556
787717
374964
448755
481077
55232
1019177
697184
431944
907516
1239106
190380
53647
849088
1205797
721610
376140
1051532
14615
837263
1030897
631920
563674
764706
1059648
127479
646784
666666
1006797
102810
600203
764978
785575
677231
863440
272014
192242
216522
69862
772824
768960
376285
668349
382177
1071548
491687
104557
160033
905064
1072164
112825
759438
1094435
804391
585245
99888
1196516
174903
202117
883566
1205779
439088
736479
288250
1116445
737604
482903
1159806
325446
1042173
668067
556835
120247
48135
817337
568722
296381
1210067
696212
442922
543780
271738
1261539
23307
1101552
685272
115325
731029
585003
937107
1168071
875091
485511
308111
1205061
1122062
975404
92861
39301
1267904
273954
725528
284215
173602
430269
580250
694417
870583
409467
533644
676411
1253050
818874
13368
344014
546410
7710
224483
237144
351399
1142101
895982
81074
1174931
496316
407984
519560
631218
124925
598853
1094895
720530
830193
272605
1189833
251972
1171291
1199778
1081265
804989
1127172
793572
1219592
1098737
677833
318202
1031586
570461
421704
438234
1131567
397698
1165775
983449
1232786
173599
113939
407887
38274
1241877
231317
25990
151221
724479
882455
1061761
710270
338525
579309
8344
452950
479611
818228
190292
1231347
721638
349143
573290
1138981
582144
682570
754961
1076766
720154
1212698
1171043
1151191
697845
31954
124011
1267246
328266
442511
624660
41876
487838
716881
119114
494484
1146975
923927
11625
973620
231626
744551
1107364
767155
409099
716655
1016719
309857
960331
456065
448826
306502
375328
789365
507788
783687
60978
583701
512402
1230520
785527
445650
896741
1197295
220086
995639
983772
1054228
510692
783419
1276143
456902
194949
997278
111925
513262
1161351
1210241
1198483
292129
829952
1267262
661215
283216
341963
339518
817893
439185
515379
1020809
841002
896869
794144
711049
260763
1073157
476245
611460
534776
1248399
1191594
284663
1119628
1077694
1010400
617377
950766
937273
330815
1069010
507382
295852
907281
936198
1080266
962036
286292
904292
485677
389973
405972
978329
879803
1059130
728812
197355
1235320
259125
226472
1044661
951180
846066
426773
964250
837240
1253533
387448
1193133
862240
1197785
3109
841438
1237702
1157478
16956
366221
1030316
322356
1005385
1024365
528723
442435
1200511
404285
573229
104211
46852
935558
976207
1100007
922194
263832
1128239
449171
481903
1211945
101439
472798
113578
330999
1080580
541267
583900
966237
435993
1162946
574128
277644
863356
838119
152146
275927
1015745
265293
224994
1080118
758477
471832
65872
567448
11049
1240138
237649
206387
621421
703374
990367
701193
889573
36066
1242737
824710
1062139
435420
1147124
163634
279469
875135
960360
1043627
27652
369723
1081412
1105592
1262239
1079600
1018800
1122752
565130
505031
1014267
1067203
693789
1232033
344770
1026046
405370
946811
478510
223996
582904
153013
1131971
665901
1029186
556788
773476
1095066
145486
1221324
991058
127596
927365
291741
1166631
830766
456762
1148490
717414
1148726
61223
474642
210562
672444
1238242
453604
32173
199162
13185
684326
1191349
168699
841363
491362
759860
1263258
537894
495936
773910
495762
16419
374006
748227
159728
1176114
12141
442950
347565
389870
996674
454275
276560
767620
438530
550935
1187719
98951
323851
440630
839336
803853
1275123
1204737
95935
1128577
127385
1038122
105208
752456
132940
859834
766042
196095
623637
347276
1270563
414858
988499
1044675
1129275
351200
941433
1201710
640682
1196667
245879
668582
807560
2281
7166
487547
297331
32102
1211754
785172
436600
1016545
1144920
62862
1277046
1083407
843202
289030
1234722
658134
267805
1029311
428044
1089099
731253
1015669
423871
391007
482558
1230084
1059576
870828
786480
959769
406104
1079673
657527
200243
912564
295061
1205026
915923
1023383
1154162
807640
337637
221743
576437
521590
1066942
103864
926964
723404
747011
740095
885349
1068641
490735
1048301
528037
266164
517925
85600
371560
1157791
949528
336139
330004
675104
424738
192401
1008526
394774
662620
842519
368422
950750
771566
602085
786852
829752
952493
1039577
632435
190007
946832
558532
445796
1195012
700238
116086
793785
923062
291036
19449
22959
1200721
625947
53535
368704
1184318
1222853
1122629
290016
566385
331607
497051
812761
5695
119903
695297
1102186
691819
1171593
1054044
854247
217196
37564
758800
915922
503045
880106
412256
575338
197215
386947
804951
697528
825517
698819
90032
1271432
1037912
741241
816422
935837
1090154
1166015
561530
245484
891499
288788
1119112
1084125
962757
1194040
560032
602617
943677
353277
557615
1276566
161704
143579
1140190
554671
578967
864191
716866
203751
446205
387476
65658
726178
1025824
1156271
740418
529344
271287
533140
15401
836943
1265984
465506
814120
438312
1127275
756801
678430
1083271
646523
807655
1140069
248920
1178538
730666
172615
60726
1262732
1188631
751416
269422
522292
771550
242123
596439
348310
532865
356948
1243744
474487
633868
514320
760773
899258
1276730
384445
790502
70129
1054113
716317
889492
1250986
892800
47261
420389
871121
849112
656396
255023
659286
93367
213166
978057
927460
969033
1017369
45883
1175724
569899
856790
481798
1229841
1131493
1003883
276445
828080
161002
181670
1103363
422555
171721
1020573
294540
13153
333044
1018161
1072054
169620
1135966
818330
1144975
784795
265549
202557
324005
1251812
76581
1262880
642211
689304
22190
132361
417160
1189245
488192
1067219
980933
573673
722094
29964
393541
700073
914604
1142169
618907
159069
994494
1064064
1240168
708033
524189
33633
1012597
538581
582314
169917
821421
1227123
905138
677675
79177
874026
523597
694888
856982
945556
347377
26226
281877
168300
83978
673550
375046
665799
342466
801504
96438
932699
1099511
622165
6371
1249042
1080158
1012987
681700
1191478
302188
1022805
1077609
785457
89691
419839
1222497
545145
44101
1039579
35802
977052
137280
255274
430692
546830
431038
562673
1213501
831878
113871
611071
975720
223379
600902
585337
1061386
208042
903387
1043709
747488
1100805
549249
377371
312260
788953
237603
305351
100765
912509
369841
830485
951903
940716
1129290
574012
1214560
789830
67180
1276373
562101
187723
910038
699621
960142
400296
309239
507173
1080870
67160
966715
381752
909614
582727
741440
8525
741035
738626
334417
164975
1036947
1030751
463074
977511
375917
424686
229952
483285
727721
245059
170538
964684
349560
1165277
230051
399962
98515
359753
151345
747999
380773
672268
856454
317951
1233365
941533
775176
1035081
907200
1261613
500886
792458
960616
458922
1031677
544557
132882
254270
1264206
767659
37776
424348
1209363
589324
99032
1082317
341104
850916
386420
236771
724595
734618
66918
560290
1250139
981032
70382
425234
753137
104032
1032491
1019466
315984
678208
58973
923770
1090351
168514
703648
378845
1258141
773248
89682
90355
1131611
463806
515150
553806
944671
452692
1022136
333576
839766
368660
303968
31972
1039455
240028
774234
218895
83886
351517
913652
696150
560618
467255
204601
136106
637579
1090666
916131
115949
479231
620291
56589
1087918
311328
947406
864898
730415
827565
343196
819777
673921
911176
348049
42998
820058
844540
992670
798574
736892
398561
971229
1232304
779970
1054225
781281
249482
263100
244323
470439
1196756
170508
893325
787171
530335
946857
339353
1111926
1010322
126087
275542
13402
654538
130257
672388
41483
862690
858247
913534
580552
352566
903795
264381
1000981
364763
78024
790778
351660
1153444
836548
631411
429658
169295
1057184
889184
1256109
36072
903141
337846
1141435
683513
166770
357663
555314
154800
650128
696384
116752
632285
1101791
588997
560783
60855
91734
459698
135124
387914
544464
248266
439635
733233
931720
83098
874098
695382
1021630
526534
156415
950576
536952
1062628
533449
343294
569115
868838
54701
687536
58305
1075113
1217375
654530
335606
667826
1132919
753147
615556
103479
344346
174881
667268
68797
293935
361185
378439
300361
1059520
575885
590409
889249
209786
614607
818982
850238
38978
174490
392285
1023330
379284
631148
813749
66046
679512
903607
121301
427762
272959
155750
1192900
22363
746375
101882
999918
928986
767146
457842
441851
78153
982822
78392
101455
1270901
1130368
1197598
688724
1234450
1085811
1255501
745129
541018
504991
599889
964016
744275
286293
30367
1223572
544455
226349
1114119
545700
752894
825760
501293
258844
715224
1077493
1242000
370134
76491
300603
65951
147390
529602
1014307
1124729
371224
134532
53879
690528
570770
13523
128744
665763
1173199
322255
888985
200940
495241
1247804
624819
918265
451881
821595
1258177
849720
291793
53297
727695
254646
277944
609119
378068
861408
989232
1055469
122668
1108006
958139
654453
783605
791616
522518
561409
756517
128539
9003
493484
1206903
288694
300976
943857
615827
1059625
908651
1279559
967895
321417
1079221
1012323
204976
898004
1083687
401910
286879
775373
1203332
801563
1182355
771103
245435
424096
339979
615033
248697
171474
460708
379822
922199
453340
417031
952205
254905
204619
590388
75862
775623
421417
1139538
641059
756183
1234819
12333
383303
81860
913869
87376
656755
165465
485072
415279
380347
1218563
120653
1127702
507361
1133779
1028236
1062958
1189150
1188224
1158078
70327
1152407
652433
879691
237979
335414
184659
366387
181901
927672
383790
439312
785425
978427
420024
366189
803971
955569
227370
854503
993668
957273
116226
118117
17497
1180951
403596
1132352
530278
250508
1110352
1233952
1195556
808390
1002233
448151
969248
464155
574052
943049
413029
784191
1197351
123075
416146
871257
847112
1073849
876292
439646
910464
165423
273751
404995
468553
755166
162012
161023
414910
845138
77398
69103
494605
1052757
988129
702731
386412
652097
178772
945479
571046
759873
906970
1210688
569796
180204
263947
277849
49628
172797
337668
1171042
493773
997672
1254096
644427
9568
192388
230614
298570
754750
334947
327948
224317
665046
1085802
502466
180648
934229
556548
310550
1014983
692149
764222
17989
668442
627415
660251
1268093
1081305
749032
1175362
864525
264536
1138570
1144855
1204907
1165537
884640
1225309
1013253
1039539
72726
255319
908264
637880
988879
87541
1025178
108095
1046871
431273
312801
1255177
806835
461430
643003
990623
336332
748018
1266007
365206
889127
74375
877839
502844
331797
1058485
561761
286752
206028
854024
265062
1004614
129297
395619
1258617
631694
856802
913693
696196
270097
410921
348722
1168938
520408
525127
990364
687248
314631
236999
1137528
1094654
620418
632970
123733
24479
732791
454328
431713
479248
491162
1034520
255771
1232615
350016
776296
325689
1199611
517635
658067
431374
1222137
986610
311898
1012102
531622
289301
264082
859282
63438
705145
570899
800758
1210298
205726
10188
12479
418378
47371
1226080
249837
1242416
883354
791032
89023
350457
1008631
959841
1236697
1116772
615116
1130735
382864
206704
404874
152869
119103
1123491
883587
248589
140644
1191481
712573
1035608
891572
1088444
293958
1043079
11046
719531
1212407
1037032
115605
1198004
869116
596968
1178969
495200
310715
304205
1146519
92121
1078637
603028
838895
563776
522540
702666
540117
564953
554082
329061
980190
148186
655818
1064394
139809
1176434
115830
1242324
571388
1150772
1178937
730023
912309
99007
665114
875223
782789
1242522
168702
100264
1147269
943826
914478
361777
285089
709990
25045
1107836
305575
319628
760679
487567
9887
175496
209134
74081
140402
123729
54236
877551
622397
1247801
965567
239508
211844
1130066
473672
304353
345154
580695
1273372
950263
262828
493556
709144
1264524
817044
993437
727461
420162
320197
86177
351795
91776
50696
887405
987607
942298
913046
1177070
674694
537574
574061
1211411
62601
638528
499376
152764
1201715
201424
1096529
73541
182330
1187580
643302
146878
1115234
425645
1251322
295525
310946
261405
1199853
505109
924085
1223427
23429
1087585
690862
415852
1271688
703353
843908
593714
640040
1143011
202573
645691
325132
1025906
222808
194203
445218
529649
655138
1035456
873018
37544
632079
842060
1038474
339424
340316
78329
175159
243989
299412
670140
978048
155123
1055330
35266
820704
84611
490620
954529
542992
1044918
175320
268537
466649
268682
1146383
243563
111545
1054439
601707
582821
806353
1070074
652298
887295
1276130
455043
209210
328770
868604
502070
188089
315284
1263776
458053
544477
1225374
584140
561328
179072
749244
1077354
986090
748798
682955
918314
583215
325514
48990
178289
533515
1011366
167881
847849
616299
840466
865142
583724
914783
1092623
166394
564217
281432
694180
714189
353729
1062542
764444
722549
1203908
1012536
212058
920765
1129827
46632
930575
724092
171767
923135
295170
1066992
184463
264628
942778
9525
220420
536858
901578
173887
208385
310620
936310
1274503
1227364
645761
732181
125436
674164
1253454
917504
343671
338107
1065977
438968
712914
1243998
477057
693090
589702
1033181
959753
638262
80519
327737
579664
1274318
160287
176957
196946
34286
1162467
686652
1247962
494239
455550
100026
864084
322968
609328
1216342
241916
30444
699942
342468
1115218
190464
715883
350070
789087
1268547
347209
193601
583072
735467
302493
291723
314405
868251
1177325
685144
309689
1003927
975821
1117434
992805
106800
730879
1235619
1010012
290616
474544
1249058
411648
344042
967562
275889
1018635
715243
470363
894550
951813
1277184
1039430
491298
969073
1239563
805940
1006781
152306
128681
1219092
493523
485839
688010
722848
857928
1132632
656899
215386
1189819
254428
768439
110217
1194975
998371
1055697
1231290
372285
478425
949427
714808
1202570
942624
1136616
395471
669656
1186211
556589
639295
1219106
67566
583011
999654
452234
427569
804094
727296
376576
604370
1092239
114584
900780
1135820
48285
519796
909228
493734
325638
52900
1159094
721442
1024687
1031432
487897
273018
781403
1136590
803831
1015357
169960
902897
600346
1263085
969964
146407
69161
174092
863015
1217758
400007
995174
206945
1014410
1133315
1060686
163759
907783
1197478
991824
987946
457378
201405
912474
654060
1182011
657548
841307
1164780
849663
245350
845928
954758
493296
574370
1275448
66932
912506
835952
836827
719983
851173
654307
342956
1160048
1277369
1042000
1230062
133531
1248405
348415
705351
1042237
974445
855421
710966
833057
146960
610351
658162
110325
639496
1114925
706238
515812
374751
979778
755610
764543
654145
986584
1276521
386122
100764
1243787
697190
859879
825744
404009
281753
767981
960917
1088934
286251
533665
902497
208083
1181831
668632
311284
899070
82203
193718
474610
59627
1038475
808403
1169457
2732
1089544
19081
782805
983982
680321
1111108
148073
646540
425685
235997
159979
1044682
889219
528033
1023347
201727
417567
69959
59039
503549
31048
435460
855954
1190986
1030549
341260
666801
666177
1270390
951389
811899
215331
703894
1169780
615063
784554
496829
487438
418161
1218245
53952
372608
969265
952509
834763
1044332
1182101
838842
322187
455910
556812
975311
324899
815072
1133418
909429
612014
912949
644471
709291
990205
780953
174565
1078192
1151982
1134164
43449
198885
604396
789399
812369
819389
988798
755955
480610
846983
196999
180266
615579
407809
116645
131273
456292
146505
1134560
517469
1189315
6382
34362
394526
1070605
869069
827944
271777
1190452
518609
1121268
658239
738093
196052
1003758
284913
1167072
591901
428265
176542
381654
126454
987099
222056
1171666
811924
573843
851845
230624
76952
474435
941983
862771
958946
567387
174860
652472
991642
12345
155677
12097
936088
1145680
672715
141180
35859
1074136
477804
47648
36770
1197247
1054319
343743
948473
188396
1002590
1109860
704393
806852
524021
406893
207175
560016
128048
614854
1095145
149658
165028
571726
109236
1259645
77031
1115357
979255
272815
840522
543362
131698
373282
251230
465617
1183473
484009
447287
617016
927013
325863
400858
943319
263176
512606
991758
582755
1125763
896051
821673
163395
359239
40669
252286
759592
1129442
1188752
1049986
1040378
520522
500347
121620
970848
927433
650833
455959
825577
2011
830293
405625
870861
351754
218734
430238
1240491
704068
426715
238350
322162
1065319
1262552
464075
342536
1275906
874947
1024610
1194809
830198
515675
1224455
525235
946040
618436
903384
1235309
16099
523818
1034999
912747
233687
441797
1245733
853396
813966
1001548
1156583
416832
576926
778474
859796
790368
714978
1276202
132514
146822
255778
330064
1117462
834256
845690
1241311
767665
211249
1078737
1085632
1014562
494458
244356
727954
644712
358739
982515
521331
655343
349063
545031
1018895
1165549
1238896
524183
1252350
954541
537280
1068182
369083
348605
226010
109791
142193
1200023
655918
11114
428121
1146685
529605
450835
601572
908312
1210811
854888
1270407
195700
126891
385145
435242
46537
76687
672851
946008
237382
187037
68119
992706
885097
301977
777618
362779
696569
142132
780261
1269457
154155
370709
1174091
975137
1082871
1065827
138455
1051896
1051377
1073607
880686
859538
408140
388597
742201
348663
1032353
390901
680217
119677
42673
450279
272641
233278
60758
577694
1049166
265506
77612
119641
689066
1065342
568118
550094
486921
685996
523427
1082153
106694
241437
175374
392230
803762
547827
146133
193961
622215
551889
728787
140843
645651
22080
831803
42276
280500
1069927
410290
907731
1013455
902319
1183280
556830
1077659
37223
578298
963831
616609
1173936
1191112
552205
1256400
975638
1145286
23627
872623
505293
336157
495427
1220953
404535
632760
976797
145945
836831
34803
265688
956558
64963
334864
59566
1167816
974472
195941
729151
285010
1144961
1156787
368181
138531
76258
18140
878058
263483
998117
1100255
288820
341633
857175
1020830
1086433
1080416
204798
637153
1182240
383081
1271289
350287
939604
782292
1175547
667407
1159749
1242205
469624
38999
1254566
376684
228850
269173
190247
72642
711643
210871
713121
33947
1077373
594333
131604
31255
400094
150178
1251959
780648
1155497
944601
729529
1169018
218878
1029655
387518
916825
883811
165321
692831
930498
283959
1260636
893536
210454
242135
292480
1172449
528668
1171306
16303
240278
575205
1013557
558314
412339
1060937
775675
1138556
896525
856952
422023
675533
803740
482834
1201965
870247
785533
184593
11236
616202
130463
357371
638480
180060
1200536
1162677
487818
228186
44202
369951
1260140
1046495
264751
880720
767245
604803
995415
877169
755300
1136961
596191
1017445
673394
521449
869170
70322
765081
1132425
854619
54422
37263
490060
1064575
428316
1210626
145048
609214
231320
267391
869091
302083
349314
944562
1258087
373220
880593
418018
1200112
360315
338949
341416
732758
933419
1204309
138526
796624
1111350
368833
975416
8867
822512
1094382
882006
308690
881873
1005612
419386
379398
75941
43865
225452
1118047
179315
364084
325176
598459
1039051
1235237
1005302
927141
620352
1041630
26929
42455
42084
151625
224736
1262722
377549
696473
93290
970203
495458
6012
10460
916909
595905
101747
577466
1203962
681500
747310
290063
257556
530218
996852
576871
1204485
153944
17052
1123050
624657
403067
647177
790525
359029
745688
998262
1151468
46024
405349
1217368
426497
1004156
320307
979950
278311
121152
1071262
701146
280823
665635
441563
1250262
405082
1181183
945855
403368
400844
559236
467407
455841
892008
78851
511867
160212
1004316
148335
507291
932884
296474
1157823
758734
988988
929927
741443
1153509
185144
375849
111028
553023
440310
20755
409638
1199653
303136
379730
711507
564393
991365
1032943
555665
1158678
32645
215335
778672
258590
37879
835910
578235
648186
340371
726581
818185
448148
843469
746029
260398
692376
114395
573140
1216839
290669
356681
111271
556259
977949
43062
1129871
244793
1105753
1111619
1064721
529913
669669
201186
241062
1068027
898847
1116289
382218
620466
600425
715361
444511
824416
489012
675660
682277
142305
487262
448707
293137
310362
325725
742170
931971
186734
522881
1242255
1126789
683190
1037466
1251754
1160131
1264358
794238
31390
523310
503239
100905
892431
30924
611854
985897
971310
1276169
929257
988817
1026297
640666
319189
563879
1095442
367991
449361
999915
586953
968456
374960
226561
324888
801308
219852
889622
916107
53300
789945
496963
837601
897641
632129
976984
372894
489277
1134520
627663
308515
1115385
498548
275067
375642
922481
1031337
728856
45463
885589
687168
1108784
1230457
1038797
1044446
539165
1230222
238783
819109
844888
620593
689961
934061
594040
1006928
609073
24393
290479
1222157
1126059
28386
235599
31313
1148101
911166
1006803
384141
995431
822398
1135951
1241364
565054
493462
530406
894419
875312
42815
1268420
563363
653085
976550
723480
222523
169263
1043751
676286
1259953
1008351
364839
822242
386228
738871
565522
1138292
836296
1149821
183649
561316
470562
939016
1263939
415316
623805
602038
535449
296966
122027
808332
1192887
1226134
831862
1022075
1199579
602143
35216
296521
1042233
1240379
57032
392606
850300
607146
1221174
209960
1142696
177417
526710
889333
964654
800650
851165
418518
352993
860246
1056669
295891
688123
185749
822131
260406
505732
190629
990092
249952
592462
423337
1111834
592426
1063116
606233
819375
248524
831332
581310
901548
128595
390876
656197
1208158
1069169
652589
946221
600353
16163
377245
877814
797986
630724
1068760
1141545
306891
601855
284635
733728
214524
994593
38922
707227
270287
1185967
707027
920353
561055
541463
568262
396147
74751
945487
394010
534823
379303
16436
632093
586664
476347
945009
512694
1163539
863486
314047
1176501
454623
90330
526021
426032
1021765
130778
804365
1050601
599185
132000
200064
1057650
474899
292593
364275
819975
353043
560670
1278819
1036759
1147189
235716
261501
950858
609205
1028662
399035
975985
1045477
1235758
160437
540789
740006
293230
986053
393938
1118153
389315
539902
533512
776758
739636
690812
858227
1199312
835518
890829
1174092
253186
674501
26266
72555
1108605
66675
459578
853979
582356
1079430
213361
999203
26348
828887
820534
729310
713911
745052
1066140
289741
835989
283457
422265
921078
457428
1266402
352832
733830
790597
783017
639371
1013525
238865
281403
85428
215355
34039
1093436
926424
318678
428076
764180
10634
339102
875375
262485
1226478
228327
1227501
478389
1166618
1107039
1137951
339937
1120436
1071711
1144056
600218
277171
384034
570087
559581
1271517
336994
710565
254629
1149257
27029
1028962
861803
1237474
131364
1062095
299043
1067808
775282
633375
672368
79032
1009872
183815
992849
98509
20392
635922
459504
1230794
902651
118395
575287
975054
798579
325537
1194382
427684
845213
1071475
29394
1053254
836839
959949
1022216
429977
53413
735085
1158512
126623
473504
1092808
200046
1089257
444616
805176
424209
819146
986550
791459
579471
137795
634763
15001
541796
772244
106561
1097038
646751
9437
960610
612177
925033
1029072
812278
407004
591982
539456
92094
144005
589908
744514
469541
510796
574923
987595
1243137
935232
591818
6467
173563
1256662
654660
145883
428947
1018780
897195
595983
682862
265698
652118
970557
1198804
1207620
588386
126365
739469
893238
599987
995327
172836
1260285
136618
687594
287189
535686
742164
722716
441994
1243502
143824
267557
1198638
305197
1168720
888913
984234
1019616
1190982
541981
1266209
1271098
882763
781749
1037047
698728
563746
877284
402379
1243808
674128
746158
661045
699761
638298
912630
540565
501309
860836
1098921
947387
161691
508352
972619
120628
316158
459990
568064
662600
457328
137655
488417
912981
743218
989511
97013
710142
896553
612221
782823
555070
597451
727717
207414
1212837
523416
395056
186048
247802
1074382
195318
805193
243930
517578
626811
105863
613541
1040676
14307
92294
571743
1088277
476283
632783
576098
875920
74541
1176105
114290
1177568
317764
1254804
1041691
450979
338239
656996
1063551
16148
1117375
187430
188675
905165
810746
1044733
261212
705404
545037
898705
668212
834062
1020478
468626
480070
57516
876795
222519
757287
493363
587789
1118082
827516
1076936
1281
89820
83646
132675
399042
84004
1013291
944145
892115
166910
448870
1024430
1067858
650590
651999
860104
935980
823013
690149
220999
653521
786384
503111
339288
1173923
1007274
505396
555573
236035
890186
1211221
798542
541494
229508
1065602
746085
891138
1274125
1149820
1007344
962395
901196
1258551
1226835
219855
1220614
821581
831269
257904
1188201
858727
235538
1063016
687551
986645
1264659
957933
1232966
1018204
1200593
949712
205823
885008
985180
201010
713436
186377
292950
463997
436229
734726
645
754541
132291
807324
1219677
330782
402912
692717
1046592
942031
737298
470754
1129847
1106610
242201
1273162
90632
101217
81900
755524
579774
830760
1182285
777818
208223
299606
293223
1102680
1103075
489827
802337
132517
149086
911496
1242461
810519
926954
817935
479230
1146993
892608
725348
1105863
1166154
840064
618578
1218505
1131640
1231166
552854
582572
628241
821488
299097
778828
577352
146254
1113062
1209509
377193
41551
568595
423733
419417
1097583
50667
130543
41462
199183
686118
424704
855086
5582
263733
1020
833026
1177290
118136
159120
670118
738829
323380
956370
1159199
109522
86036
82175
726054
120176
73301
1073776
1253062
512580
1080503
464621
221390
438574
1081502
871450
1179537
786748
330238
524554
1005919
1033972
889816
6308
223553
809312
652339
319963
339420
30967
253280
687704
722623
709006
1162992
220767
1017020
1101318
384011
81390
32489
677361
887103
946904
1243193
1007744
191737
901677
117967
670488
1214766
724971
1159896
433168
383917
1158193
682907
472101
799731
211227
963073
1127570
523314
1054700
145699
521705
261214
221624
781991
652464
1266552
880894
1130732
96901
871233
669148
665749
131341
764206
91077
439184
416184
455637
240018
1232854
1001256
448034
354816
966460
884261
203222
300624
1194924
240090
386360
133991
153070
555324
690017
210201
409667
975113
1200097
839094
476071
1226514
300291
1138372
342184
607494
421678
251172
1202158
1046279
1230758
1266510
1186392
813469
238042
347982
241747
308130
843113
121252
1222863
818010
1081108
818921
873477
807942
1092800
432621
187905
670040
357236
658718
1249942
662550
301315
396971
920963
817145
873483
1167151
662687
56652
1096827
812553
1033992
247586
1052230
1055246
1073486
1278430
139891
342251
972488
1153065
929764
614903
11545
93759
544765
982144
1107839
1205589
967583
575980
16645
47877
1127203
691403
1013027
321055
1100277
1441
1183985
1125504
1110895
578168
691598
553661
323333
483982
362387
1171681
211324
1178330
1009150
1070435
1277604
891556
853988
494812
1172421
552468
773738
769632
600263
1274014
836854
1220742
1222892
581787
802744
853827
864472
563218
935669
115557
570114
1062133
1197337
491282
688442
362800
353099
1000232
977036
248603
50385
928741
79081
707399
73527
97682
662465
702389
22498
1126301
903125
118570
159543
1221169
216889
299783
838713
489032
1130790
827200
195826
803403
752632
84850
856115
200679
900392
299458
665849
300134
456742
870871
888961
387025
950355
1200896
426434
514309
322120
936035
578303
350063
396730
421096
454446
800970
1255107
437434
918156
257840
881925
592683
525695
1037373
1056449
778568
487239
754031
739880
461309
1189318
388525
334801
1104028
1001376
289954
1113960
378525
1264283
846792
792265
90050
403483
697447
773119
98825
426375
439927
987303
974020
1262122
1120543
540537
867342
603435
627188
805765
661270
994151
343439
288341
331143
647803
701832
787039
1032088
574651
577809
384366
1233740
585583
1264368
794016
732575
32208
89836
340828
866895
987903
1096201
598320
966749
973152
630596
523363
1108699
899117
1246252
1155254
1028295
1077315
844759
704857
1040681
316886
744941
127617
131068
1127673
1159839
891793
50614
730743
233648
120749
802661
745375
644018
1234165
397856
13885
613199
1063407
122425
396431
782863
447174
1006626
627428
761520
1067311
817325
889695
582420
649031
572233
905683
443894
850112
822565
354484
532173
98267
980171
593167
605760
525419
398434
506333
240896
792531
705967
379119
589895
1103770
475976
244586
443796
350566
686557
1127542
777399
316310
866914
987684
621296
917190
1119176
198093
400192
898505
1076106
524115
270575
369400
1022076
954770
785168
43859
1234742
1075307
757411
441646
1068652
959297
91586
1242786
263653
1059732
892761
591394
743919
44743
314430
171410
838767
919623
506058
159145
1016351
822467
892474
262040
684742
672535
199143
368641
785034
351600
73358
1119625
580155
1248599
119257
889910
613585
145229
556409
389923
4497
1164942
1153796
367050
433005
703081
419594
987698
1215914
127773
998771
265993
169121
934534
603163
453691
1012257
357515
447743
1051464
668920
404329
680007
43338
148924
682302
1278725
303737
189810
456256
337587
900298
583356
368455
904992
1273742
893989
1079800
1035060
537034
337497
1011432
268344
169671
814644
1067929
1083902
1148125
634174
1021750
178418
1000087
640896
394213
113679
473267
1031852
1270513
562689
1080069
1121824
123972
1155887
45536
488892
1199906
95470
1052037
142111
951789
371474
228070
374942
202335
548248
1057309
236448
880687
135204
430489
597023
83949
951260
358156
555702
786053
656474
70371
582278
130166
343691
148563
90441
73009
196697
79950
460181
30699
170460
783735
506207
64785
114401
362951
219849
558672
514917
825847
764688
388750
1276002
636184
1090607
1259103
461922
738334
575423
410168
557037
1163731
122375
1239564
1181741
1134972
266881
923534
730497
192642
849099
96875
748483
161262
516475
320381
903642
288357
612134
944718
1198908
631173
171128
36347
855089
682055
405143
111388
1047534
1202004
159270
1006980
250694
382815
267988
922309
1254730
599694
282131
886899
544492
10084
799112
1067033
516544
1158231
202734
35565
182871
221633
515045
724110
463279
920111
1205676
457747
246824
763319
571337
43953
385754
571511
50373
834823
629621
904771
522729
511936
157904
1033906
767203
590543
600417
1177511
967029
18945
606697
336758
46493
645321
535824
935596
705354
436661
942534
808255
140449
721617
559299
245419
343488
769177
136913
232986
1056730
872161
341504
143901
867158
295952
535919
368730
1162831
535521
1209676
98056
507131
1023648
470760
867986
1160893
674418
359567
1091605
520740
531426
721620
910959
823642
1179558
571002
636265
1010938
769756
17373
638794
530507
374199
292544
943187
186109
25901
740030
318991
1170182
1090145
604191
917158
179286
1070091
1120741
1195007
805144
1041942
222130
1121652
39495
955225
879101
961017
181583
702607
1124946
739019
885068
723722
596320
1190894
1238335
180129
805757
91874
1206167
927511
65659
809355
18599
869455
425173
642512
596509
330789
869214
433935
769377
323498
1041213
669544
36940
873611
1253506
643296
512708
64543
723091
1236259
817694
126351
36028
779283
20253
480237
178787
665539
267421
213648
942342
204816
42185
1122004
802926
339195
1114169
1154932
703994
728667
514097
376301
120755
208191
923418
787088
212614
1026771
1239536
640618
1071259
688008
676702
949882
392489
741
776454
1269893
672613
1048652
821282
287441
856697
822919
804174
389306
614014
786133
862114
1207708
1067181
389411
1130489
862010
151900
175457
30011
1113539
1133581
975827
1186361
744478
388529
468240
395903
176621
87853
1016412
222371
800927
733303
625296
164548
389412
1144675
1060426
1233429
1275193
128008
1148104
1156618
1192458
310769
140687
343422
690250
896850
534699
832521
1012844
1228695
37505
487116
950646
190998
1224733
564690
940401
49172
1108501
11232
154624
1206269
1102442
688695
892352
1093011
1029883
445505
127056
1114823
1254493
1177331
22124
922857
775500
995954
1051942
257077
811576
857687
203786
61507
1010697
795415
388911
137815
1031639
1070304
854416
122000
16476
327856
561908
537550
906612
1095497
506912
560302
863450
968933
1035748
959201
534726
629578
246002
869947
319450
376852
836794
1122676
865592
1147520
718617
924809
359575
1244806
27697
389418
641716
1048093
443731
698686
1229104
251397
204044
848527
722441
1071194
387432
142794
94934
410329
566387
1045401
400124
327218
789835
773187
121386
726482
483329
713454
197137
1025027
333758
622217
795941
1212175
443859
369681
990264
818120
118664
1133545
641951
990835
969304
221890
51931
801714
1139802
1182680
508174
740818
696360
489778
1222198
786856
583473
852647
1241295
915783
343867
879920
993386
967406
520606
377806
1109279
516889
272713
1038506
1003768
496929
396241
583732
509807
1199036
250069
495146
175682
352708
738185
644726
28190
955771
138321
480351
274286
251860
351595
265734
1060391
1037123
190023
395527
259662
147973
364367
842683
533000
432457
1035799
278070
676932
346487
286467
346362
682208
401134
1216238
267466
851275
933233
1273217
9475
699727
1167784
355554
422293
1042818
1100847
477803
1214144
163651
606688
741933
473123
1249195
1001847
1228378
232563
109600
1129161
112934
1128280
988710
808414
458822
837145
56328
663234
466971
725207
636983
146460
531287
1115150
850687
1200055
1279478
615115
109350
1038531
834933
457926
143763
1093699
684736
1130861
334616
519722
1143531
621600
464903
769225
734574
683178
482286
390204
1125018
635446
1101294
592041
1195780
683923
615308
868979
427938
916182
734759
670678
827896
1042760
439563
143974
1083160
1076910
1055978
1056411
763792
83526
722596
658487
675869
963928
423854
88670
985295
177705
532345
1254286
1130537
991520
670278
977653
627771
750263
1218657
1233916
234450
878074
1106214
741680
7
1143285
523859
1158514
936080
262039
1059776
1220319
16144
602635
887005
145973
804501
1038782
1163696
532505
516688
962711
403413
1004106
1151189
1236286
563922
426562
810957
607335
487420
906324
1243494
1072261
314932
756926
837259
174624
992952
1025964
124209
793321
60563
336129
977834
38488
179158
1079681
1192984
743331
460322
898690
961188
171303
1065684
843606
1181276
569179
351717
1200925
47801
1020834
637976
344130
348118
102429
301596
1226763
402767
74199
484739
1082535
1203054
1252895
224309
1001668
567936
1153319
70118
212584
91839
484395
602450
959315
274986
1141056
433160
439657
539243
1174361
972988
269307
192867
801738
709595
21005
807644
1147542
248167
265222
181974
858398
419785
218473
229946
308220
142423
877739
613743
438059
392029
1246545
625812
902069
139548
523277
201501
82043
472406
679733
825107
617704
1165135
357788
94706
1263375
1109843
980240
353426
1249350
862467
1268771
440845
828149
914060
132606
76810
663420
353815
1066609
824119
1082651
1207373
906411
428532
106224
294755
935972
770451
665654
302704
507081
882087
706960
570817
621862
640790
250734
370635
869319
98383
305675
354793
1268019
1024580
952592
964554
515641
457575
948879
432742
1060321
563536
573170
973698
742455
649898
711543
936273
268633
1102655
487538
82772
817198
979521
647546
203511
61182
752134
856880
1183390
409904
637606
770409
770799
762931
588565
200150
1069332
1257906
830785
703730
1069774
855796
983924
601792
359804
194136
1176343
527049
415179
781405
1192730
192936
1267807
1047167
1145528
1057267
621438
988427
977187
477419
408144
736730
872715
849670
225327
843058
101137
1108460
214465
952356
965990
249062
452047
741050
327092
967560
820332
144799
946075
493819
757105
188898
658223
1044896
570729
820489
284182
33082
903274
791869
722507
572598
205489
867330
711428
279061
456020
696293
534666
647430
718787
172968
950365
806345
958965
834387
935540
85339
601717
129186
623589
1077856
46226
155567
1063839
997778
664088
365330
147118
263893
1171925
122144
1208293
820664
477350
940980
741821
963720
25909
552373
1042928
105312
317410
1137707
1026853
606873
1272339
346376
865117
909408
991105
664520
867957
603408
633819
843351
573898
507803
1063913
95640
1267231
908627
1152016
677626
319046
1177819
54576
376903
395578
1089541
376173
549110
225717
724323
811921
603668
317765
971921
546201
645148
219487
444131
172876
57692
1262608
1072206
812471
1136151
357650
143368
1026562
442596
719373
457681
1220846
490783
949174
989293
737219
629544
164858
123479
121171
573952
367378
974933
392985
278477
803938
1185290
968733
312481
1190274
1246082
474194
1128413
653967
1059059
800807
643700
1155086
904870
723073
468930
486510
532856
136331
592943
595410
1242293
349848
699940
948636
684141
213087
615988
290537
988571
625773
1093435
746206
1268414
624111
869671
464159
986342
845982
1024125
656872
1031015
69848
29654
581330
159903
469170
1238287
894078
646699
1094925
666317
1132926
148761
566611
638654
1039556
492996
118157
633702
68234
1255412
428595
695769
38843
661487
475615
283921
84203
876004
1209822
361528
319615
249480
161338
1147563
1071935
1125703
512192
374894
317626
831950
1147587
1241050
803551
448903
195173
634143
125660
1243109
118915
1030245
378725
187575
1052429
229658
320716
931093
26766
390062
940451
729681
1255714
372225
1111751
809851
608770
1119798
627620
965718
1239458
403330
737418
955143
327925
520439
708142
79541
416013
326982
1074070
1173374
900770
758164
979083
674114
1058186
1032837
482001
1067241
1022446
787826
443962
980584
1083820
1132044
432549
618631
537589
302599
1017108
1251920
527610
312211
976056
802900
168120
279495
88825
1103771
480623
1223563
1274414
700722
1221505
853177
633622
506167
281399
295659
615007
809592
165428
415455
884482
542598
527447
125325
607896
133183
537955
952981
821785
757167
927368
107697
1007229
707506
399375
91816
616658
635442
484517
368782
41977
404229
881163
1272728
812887
35255
220904
247594
1242911
931870
322635
948319
999329
54596
290680
359896
740673
86713
1056568
177502
83712
920321
604364
642955
245073
177340
313730
196199
525047
974247
726196
517398
872783
970779
889986
151207
672571
330706
1119119
488587
782829
509945
618886
622045
129611
999086
460470
1109982
452357
1213314
946560
863488
348717
957694
465788
597974
300187
1016239
1001327
563335
225528
304917
1199301
730568
418636
1004554
17314
1151788
554089
433089
847593
628913
693111
206205
1204004
399761
379767
537744
71492
551415
186564
138731
709071
674480
368385
1151592
1062561
421414
913600
1225588
1054611
279690
91121
1002078
1254988
639229
868808
109634
1057398
450565
963870
631416
657056
635461
752007
1082746
1024988
1089050
847667
881203
733364
1059875
638113
83855
467855
12297
812051
94680
690369
837642
909837
1218419
452176
669201
974117
733475
32100
744904
856058
114802
292761
637025
298616
611792
811477
102700
873555
631072
727173
711163
420275
50217
1011390
971409
766265
1227373
142527
13129
780733
601057
445600
462409
1081041
1005904
616580
628728
1128815
1064001
237596
1226874
522673
551413
61706
307363
481624
154529
298688
920464
799314
452134
684912
938918
334570
523443
18894
299718
308814
856181
1228207
850571
148663
685106
22491
644969
498387
82613
846717
366074
932420
999770
954304
574707
103230
1043050
126628
58482
127360
710534
150789
214086
1069621
651005
795537
317014
145779
477387
275068
335012
462804
949107
429271
627488
615646
67167
15564
338495
1156517
364613
676152
536730
1037994
494306
565793
1125370
656618
1179330
1202248
100035
1250803
371124
722358
1010132
1074328
1249164
1091693
619607
561204
726422
156503
708759
412475
296317
788426
497599
423374
1268213
759530
397237
413791
425654
873588
1269988
558320
566554
722545
1034014
904600
745784
1164404
408006
962580
503492
1238109
770697
254759
809177
60058
1165041
171828
247737
920303
381080
1071813
823931
991201
832881
1075532
728059
693928
281154
318564
1192642
478502
261482
1187607
68685
1009655
1045627
287707
138256
1061656
640058
1132506
1048407
780157
264987
92684
365943
775298
694816
1185178
597383
305711
124621
1047843
248296
755228
1111034
169476
770338
483057
372425
464628
1147471
803672
1027880
708847
36867
726403
327443
1006327
982069
41284
639307
929891
1040119
1142686
930934
967418
774222
263698
977891
645951
212106
1001388
734228
27462
11311
17981
71842
963173
460040
588559
1181137
2833
234366
401118
1256826
109351
1210591
990893
185337
150397
313642
543867
578229
1249741
460355
1152121
377951
372524
515224
399823
840337
1223507
910994
723382
1229184
218121
470120
616023
546079
117500
114557
802399
1088819
342733
50817
382371
157239
385519
1097710
420633
530289
246644
418192
729185
765833
206236
610089
124834
343191
193807
204829
246114
1251752
250575
88297
468978
691340
206844
250096
554654
938700
625358
298491
3991
837501
142357
1198396
891004
1042186
256425
1126982
972669
1075950
931313
600408
1267581
369320
1205290
272039
939152
173229
169871
1271059
1195283
995870
85997
907627
842439
13069
372112
234460
181207
253850
288584
117313
687129
192075
1246820
326225
122086
700793
1007389
449579
1147057
1107769
1028
621812
730767
631507
173389
230088
1054537
153521
844369
617472
629516
378124
192206
332556
209940
1197062
70674
205323
145256
1103682
1104619
710252
844582
695434
894110
339392
497266
784698
152459
195188
264886
883788
1027210
1216053
264213
520637
662555
1154034
497632
792095
1227478
71397
98775
237704
878652
1156862
509574
591550
678129
646633
16960
183226
304562
709577
537267
791296
149027
923387
121051
461940
233569
312201
508549
85224
823670
648033
823685
994626
1129865
864854
854741
1024636
160534
127895
475162
222514
1119827
670400
112711
851868
857532
1063928
286741
218823
1114885
943379
532923
498578
407947
1104718
1152085
445856
1006103
984667
1091767
1096113
821970
1138391
731260
1057893
1057949
297168
1075908
315814
264259
157019
636062
994173
1255511
863558
344868
363274
330396
901670
913863
748221
528435
1228017
570142
45261
1183503
760027
803557
1072986
177828
1206437
851743
460954
88506
589116
792632
284561
1140215
58755
560894
824131
298458
720180
302209
1221743
163946
405308
443096
526235
949561
88136
2212
696032
224333
625216
1048938
217716
632001
505163
432123
1162470
86194
159049
478252
1056748
423722
802634
905134
902628
501048
734976
121360
823120
1153834
628495
245464
518862
1248994
1037770
669862
451211
30432
694449
600554
670645
664583
552263
1022506
576630
994922
911110
384935
1116344
309603
693021
758821
639480
1062176
895043
908589
458770
205742
544839
928251
111680
116890
566230
1179747
100296
271412
1277651
1242637
1075913
969589
638795
755701
129022
210014
881692
698670
958543
444161
340725
650120
652424
1151683
473992
767422
838684
846674
244126
1241797
380191
35431
1249249
753844
835882
142814
1211004
737816
1176666
945370
1097502
542533
706803
1040536
11256
25407
790143
1027058
926532
583146
507852
730786
254459
275497
1051714
83448
1248946
768695
842135
1122898
579232
550879
649170
463080
824508
960863
961290
735876
154476
1223142
69752
308725
281435
1126919
1170302
40504
222410
1066753
786408
657074
425634
747721
1264737
1124472
525555
432917
870078
993403
735708
294645
650603
348548
858274
1196512
193589
880275
836461
55847
1133982
235816
6218
473993
1154347
476943
1171768
279367
1096579
489101
202294
1154127
375019
962383
901176
463782
616265
456376
741764
1130942
777786
457446
871189
1085198
593980
236937
1259835
726276
597919
869289
1049557
1170559
92771
833229
544804
658753
418999
1195254
231884
884481
955275
572462
835672
773183
400749
1127492
923298
520576
546253
970372
115678
519567
504721
1259867
890428
281607
265999
836212
1091380
706559
1216793
59445
1129890
281769
161018
528129
523704
33458
662814
1153927
997110
859427
1226122
765533
796047
931151
315377
437174
356455
439302
510883
1038215
1152417
444270
828496
725578
126517
274478
5612
1198817
135599
58530
980562
870899
891950
218377
852737
1077600
615586
162676
112639
604666
953566
1213894
854191
441385
755899
481056
419152
466092
472858
1143801
1834
813791
394471
694137
1160125
153100
235765
1208127
22617
54163
1192422
421960
32852
817862
818227
955027
1143863
1243413
1238845
491237
614133
978533
345733
956490
1194308
687560
420599
618079
914902
921541
1251833
933995
173054
1247713
306435
279441
1033102
11499
731078
277547
1229991
11117
1035129
626389
870759
